1
1
18
 
1
2
23
 
1
3
21
 
1
4
20
 
1
5
21
 
1
6
25
 
1
7
21
 
1
8
19
 
1
9
22
 
1
10
25
 
1
11
24
 
1
12
22
 
1
13
24
 
1
14
24
 
1
15
25
 
2
1
33
 
2
2
34
 
2
3
32
 
2
4
34
 
2
5
36
 
2
6
38
 
2
7
36
 
2
8
34
 
2
9
35
 
2
10
36
 
2
11
36
 
2
12
35
 
2
13
34
 
2
14
35
 
2
15
37
 
3
1
39
 
3
2
40
 
3
3
41
 
3
4
45
 
3
5
46
 
3
6
44
 
3
7
44
 
3
8
44
 
3
9
42
 
3
10
44
 
3
11
45
 
3
12
42
 
3
13
44
 
3
14
43
 
3
15
43
 
4
1
44
 
4
2
46
 
4
3
46
 
4
4
41
 
4
5
42
 
4
6
41
 
4
7
42
 
4
8
41
 
4
9
44
 
4
10
42
 
4
11
42
 
4
12
41
 
4
13
40
 
4
14
43
 
4
15
44
 
5
1
51
 
5
2
45
 
5
3
47
 
5
4
47
 
5
5
48
 
5
6
46
 
5
7
49
 
5
8
44
 
5
9
46
 
5
10
45
 
5
11
46
 
5
12
44
 
5
13
41
 
5
14
38
 
5
15
39
 
6
1
54
 
6
2
54
 
6
3
55
 
6
4
52
 
6
5
54
 
6
6
49
 
6
7
49
 
6
8
49
 
6
9
49
 
6
10
51
 
6
11
51
 
6
12
55
 
6
13
51
 
6
14
51
 
6
15
53
 
7
1
60
 
7
2
65
 
7
3
59
 
7
4
63
 
7
5
62
 
7
6
62
 
7
7
59
 
7
8
62
 
7
9
60
 
7
10
58
 
7
11
54
 
7
12
55
 
7
13
54
 
7
14
55
 
7
15
54
 
8
1
60
 
8
2
59
 
8
3
55
 
8
4
54
 
8
5
57
 
8
6
59
 
8
7
59
 
8
8
59
 
8
9
57
 
8
10
57
 
8
11
58
 
8
12
59
 
8
13
55
 
8
14
55
 
8
15
56
 
9
1
53
 
9
2
58
 
9
3
61
 
9
4
64
 
9
5
64
 
9
6
63
 
9
7
63
 
9
8
61
 
9
9
60
 
9
10
60
 
9
11
58
 
9
12
59
 
9
13
55
 
9
14
57
 
9
15
60
 
10
1
56
 
10
2
55
 
10
3
53
 
10
4
56
 
10
5
53
 
10
6
55
 
10
7
53
 
10
8
50
 
10
9
50
 
10
10
48
 
10
11
47
 
10
12
52
 
10
13
52
 
10
14
51
 
10
15
51
 
11
1
55
 
11
2
51
 
11
3
48
 
11
4
48
 
11
5
49
 
11
6
50
 
11
7
48
 
11
8
49
 
11
9
52
 
11
10
50
 
11
11
50
 
11
12
52
 
11
13
50
 
11
14
49
 
11
15
49
 
12
1
54
 
12
2
53
 
12
3
57
 
12
4
55
 
12
5
55
 
12
6
55
 
12
7
52
 
12
8
53
 
12
9
54
 
12
10
52
 
12
11
48
 
12
12
49
 
12
13
48
 
12
14
48
 
12
15
48
 
13
1
51
 
13
2
50
 
13
3
52
 
13
4
49
 
13
5
49
 
13
6
53
 
13
7
50
 
13
8
50
 
13
9
52
 
13
10
51
 
13
11
50
 
13
12
49
 
13
13
47
 
13
14
49
 
13
15
50
 
14
1
53
 
14
2
56
 
14
3
57
 
14
4
54
 
14
5
57
 
14
6
53
 
14
7
58
 
14
8
57
 
14
9
56
 
14
10
57
 
14
11
57
 
14
12
58
 
14
13
56
 
14
14
59
 
14
15
57
 
15
1
59
 
15
2
57
 
15
3
55
 
15
4
57
 
15
5
58
 
15
6
55
 
15
7
54
 
15
8
55
 
15
9
53
 
15
10
53
 
15
11
51
 
15
12
52
 
15
13
50
 
15
14
49
 
15
15
49
 
